0.6389515740801291 0.027362423842079132 2.1784782818403934
-1.7995990862529345 -0.34900429846083736 4.402648383683377
-1.919807728330272 -0.21049234098776504 4.598322255364549
-1.7141399191569069 -0.09973898931962169 4.566764732886682
-1.70194787171664 -0.046500229622146415 4.211774152334318
-1.875591350318342 -0.3650562929538476 4.365984735717748
-1.9949277417891653 -0.22685528529753315 4.534931376123141
-1.7944554268214092 -0.11045111523213326 4.509626774248114
-1.8809337790977751 -0.3791277241019649 4.392905320100746
-2.003068958784162 -0.2414586340578046 4.567191943351138
-1.7957694473970187 -0.12449494956926255 4.526599521233364
-1.8876527507513197 -0.4111381107409282 4.3606215137675575
-1.9972941321318278 -0.2733934105260101 4.506391236969392
-1.8181175854241787 -0.15880883154556696 4.532227739303374
-1.9023846950380874 -0.41463079228183003 4.318664837425037
-2.0075364973074596 -0.27670558389499955 4.455586815087106
-1.8310059696130798 -0.16397947007054575 4.487738621452865
-1.889851242466933 -0.392326439741707 4.322335632470295
-2.0051440563316296 -0.25511577247711864 4.486618430238197
-1.8299237108427888 -0.1435781556063166 4.526571870571797
-1.8946363391996384 -0.38868084910635675 4.3276129988703005
-2.0095033586623705 -0.25127363219311705 4.490059685839095
-1.8204714386711944 -0.1394239573600187 4.495748655492128
-1.9288929133883082 -0.38956188987361867 4.380029154573149
-2.0633302933862807 -0.25131277512882383 4.582738343808744
-1.9340714490464204 -0.3082422942300994 4.317607923881891
-2.102619570558939 -0.1699157236129321 4.599636109952062
-1.9411222648586173 -0.2992523530627218 4.334232037019029
-2.0388330930587513 -0.15465779992971015 4.468618893418377
-1.8530463684514409 -0.05125567968511152 4.495683162423748
-1.8983802109838492 -0.24385217694385258 4.40381959725952
-2.044838262920658 -0.09838285798332946 4.661288168679961
-1.7866904372523817 0.005685665460336859 4.521848513428829
-1.8905533246601376 -0.24921417257195558 4.348278730832
-1.990715091343744 -0.10426877655315346 4.499968006676675
-1.805356809602643 -0.004255035580835095 4.530318291689209
-1.8530481089926287 -0.21658105006703274 4.306011625026074
-1.97641764065738 -0.07175373245011851 4.515697089281867
-1.7750094657028321 0.02833814905022442 4.507580700394098
-1.970165582145604 -0.21607644788807784 4.384991692494582
-2.130277306021456 -0.06817236078124449 4.657241741679756
-1.8514881652964945 0.036145695156599336 4.481652812409369
-2.0244868116579546 -0.19345844463294715 4.401307994130017
-1.8860927913954921 0.05946481532956155 4.453086316421281
-2.0511842362974364 0.13597857418138645 4.277015012458772
-2.1620671284735993 0.14496476319029508 4.392073695828407
0.3598856388029553 -0.13234069006653484 1.0098865846652552
-0.2062223327952894 0.14134328029791285 1.1310982206135025
-0.21191041114260858 0.15172153570101887 1.1520298046142172
-0.23520386179503683 0.15418643063941315 1.1540957978310649
-0.2380689188537583 0.16324916842855225 1.1557765528237436
-0.04379493499104352 -0.04106429748756986 0.46078119901083
-0.22272063059707253 0.16415658672698452 1.1789428087456615
-0.20622337680578015 0.16158685874444265 1.1625292626570187
-0.02952736359189725 -0.04163216397882824 0.43114782422165476
-0.20571984589293524 0.16361872110204617 1.1637819843790003
-0.028288424572867805 -0.03909592648871412 0.42482116553448196
-0.20210541008014013 0.16312268300857016 1.1723654718771255
-0.024942172067115107 -0.037912436885318694 0.4158310848525013
-0.19682403084611455 0.16176056334203867 1.1571977391908974
-0.022664478636667405 -0.040886416181631045 0.41295253471530696
-0.19757909520613826 0.1613420804563067 1.1556300502504564
-0.02457209131010775 -0.04457393678076878 0.4140109652417674
-0.19531950430387554 0.15809829945494508 1.1528379799407649
-0.024630461149768763 -0.04781095772672187 0.4112339325109318
-0.19438371675756125 0.15901297628676392 1.1591728918668551
-0.023996666664829976 -0.04526706103752957 0.41070808110721035
-0.1906265236084004 0.1582574147624488 1.1733133312869433
-0.022859083287930505 -0.04454351794008571 0.40775497694261725
-0.18084385314820584 0.1534890245110715 1.1563165766149741
-0.021452419976670543 -0.043214852257446035 0.4018534149594429
-0.1786695246718213 0.1535662026390546 1.1635537731334127
-0.020853183432221666 -0.04227337644840891 0.399120553486174
-0.1741253743460451 0.15242068956891733 1.152908443574591
-0.019652194374453036 -0.04166418372771262 0.39992777935083795
-0.17230187037460845 0.15353009772095802 1.1561350477496217
-0.019562872423204484 -0.0426463505176988 0.40050341956399066
-0.17183463034546706 0.15456841391256715 1.1581979832571097
-0.019743077161703745 -0.04196615379437726 0.3966290922355954
-0.17117958259064528 0.15592290225279273 1.1580754953566967
-0.020235583731824103 -0.04077809417674534 0.39136106793265496
-0.1697632918513955 0.15542703767359847 1.1568930720522435
-0.02026016814837463 -0.04120282700377817 0.39017960969638465
-0.1693833850521709 0.15597296553318166 1.1563140381061991
-0.01997739188498584 -0.04141712894187678 0.3908664928242895
-0.17015924490318368 0.15820391865212444 1.156047584498872
-0.01984730815356204 -0.04085716992873041 0.39217672030784445
-0.17074410242476828 0.15892598209654962 1.1600954183328978
-0.01947640076220409 -0.04132273268274259 0.3923396757131186
-0.17066360830594857 0.15887095931440093 1.1592668583875496
-0.019854962659967456 -0.041706220616109096 0.39103501614630204
-0.17073458792039006 0.16064455354841464 1.1626727123440603
-0.019658149144708537 -0.041177788596442756 0.39025349699475276
-0.17041513096930178 0.1607793141679427 1.1640337080878695
-0.019304853207458006 -0.04113839537757603 0.38937474363162644
-0.1701077311255731 0.1605075476016619 1.1625290184684043
-0.01934618469776652 -0.04202615724364442 0.3891896096471724
-0.17025995056471696 0.15762150098974104 1.162445623576204
-0.019384842467330934 -0.04349976529482701 0.38890685313916107
-0.17198353925288334 0.1556736684103075 1.1573109134383166
-0.01983759094234267 -0.04445613668352758 0.38611012152771673
-0.17249086292604335 0.1544173716046514 1.1605790860426362
-0.02002782727240915 -0.04467417220171738 0.38648269564000937
-0.17048068259888252 0.15264182083783037 1.153137031086001
-0.019960015082886348 -0.0455179487833467 0.38711002481245366
-0.17040510018742103 0.15212529712509637 1.1543284561782878
-0.019892778517482522 -0.04585787994564826 0.38678125179693795
-0.16892848525510645 0.15064462148120986 1.1555520329587858
-0.019535827161824337 -0.04738777747391529 0.3870450161445901
-0.1698799664740643 0.15126331697125844 1.1621679284114699
-0.01962077871331918 -0.048710093889536885 0.3875322399321348
-0.16872851207426506 0.1518137046142159 1.1551256840748654
-0.020122975305129895 -0.049617151630799314 0.38950004644354547
-0.168453316840451 0.15212237184925986 1.159514711161953
-0.02021274625465137 -0.049701562226197794 0.38924322085779944
-0.167102237154758 0.15043751310980877 1.1606569577839163
-0.019652083310845704 -0.04997746799489091 0.3881323961716439
-0.1643966915387294 0.14736897773640897 1.1591353610080644
-0.01864672115297497 -0.051290525759328486 0.3862509579357143
-0.1621503865518378 0.14752468236050545 1.1545665618536365
-0.01813241702078436 -0.05106888020374126 0.38632200411487005
-0.1631754998129049 0.15373430302409247 1.1597509735412463
-0.018108265224491066 -0.047849318786776 0.38791829292324403
-0.15867320905973917 0.15582135285768586 1.1620397243785787
-0.01632919277556498 -0.047313606407966856 0.38841321346397095
-0.15716625471530882 0.15647999858608216 1.1585767371256694
-0.015690028893554638 -0.04667608861188233 0.3883397693793955
-0.15634064232540526 0.164495556486992 1.1839248484891567
-0.014407192983561775 -0.04510257192991573 0.38959914536059215
